1 0.3085 0.0358 0.3231 0.0374
2 0.3772 0.0352 0.3503 0.0374
3 0.3816 0.0349 0.3571 0.0373
4 0.4020 0.0348 0.3333 0.0373
5 0.3918 0.0346 0.3639 0.0375
6 0.4269 0.0340 0.3537 0.0377
7 0.4386 0.0340 0.3401 0.0377
8 0.4664 0.0336 0.3333 0.0378
9 0.4620 0.0331 0.3571 0.0379
10 0.4722 0.0331 0.3605 0.0380
11 0.5161 0.0326 0.3231 0.0382
12 0.5117 0.0322 0.3197 0.0402
13 0.5395 0.0311 0.3435 0.0384
14 0.5585 0.0308 0.3231 0.0387
15 0.5409 0.0306 0.3469 0.0403
16 0.6038 0.0293 0.3129 0.0392
17 0.5965 0.0295 0.3265 0.0405
18 0.6009 0.0288 0.3231 0.0402
19 0.6213 0.0280 0.2891 0.0393
20 0.6579 0.0270 0.3061 0.0398
