1 0.5292 0.0308 0.3333 0.0393
2 0.7617 0.0212 0.3367 0.0527
3 0.8509 0.0141 0.5068 0.0283
4 0.8801 0.0103 0.9184 0.0072
5 0.9079 0.0081 0.9354 0.0057
6 0.9357 0.0060 0.9558 0.0054
7 0.9386 0.0059 0.9354 0.0047
8 0.9503 0.0050 0.9626 0.0039
9 0.9503 0.0050 0.9592 0.0052
10 0.9605 0.0044 0.9728 0.0029
11 0.9547 0.0040 0.9524 0.0039
12 0.9751 0.0031 0.9694 0.0043
13 0.9386 0.0050 0.9626 0.0039
14 0.9708 0.0031 0.9592 0.0039
15 0.9576 0.0039 0.9626 0.0035
16 0.9693 0.0032 0.9626 0.0027
17 0.9561 0.0043 0.9490 0.0049
18 0.9678 0.0030 0.9660 0.0030
19 0.9532 0.0061 0.9660 0.0030
20 0.9547 0.0045 0.9694 0.0037
